T/Tc = 1.00
	
	C1 = 1.031070 +- 1.82400
	d1 = 0.777347 +- 2.1800
	a1 = 0.244946 +- 0.2009
	b1 = 0.494858 +- 0.4633
	z1 = 0.980606 +- 0.4089
	chi/Nf = 0.0133843
	Nf = 2

T/Tc = 1.02
	
	C2 = 0.427243 +- 0.63480
	d2 = 2.707590 +- 4.950000
	a2 = 0.176921 +- 0.03657
	b2 = 0.285720 +- 0.291600
	z2 = 0.851432 +- 0.12960
	chi/Nf = 0.00186995
	Nf = 2

T/Tc = 1.05
	
	C3 = 2.196450 +- 11.180
	d3 = 0.332874 +- 3.3160
	a3 = 0.529602 +- 1.9590
	b3 = 0.489052 +- 0.7492
	z3 = 0.988371 +- 1.7570
	chi/Nf = 0.0863828
	Nf = 2

T/Tc = 1.10
	
	C4 = 3.6321700 +- 1.0450
	d4 = 0.0417895 +- 0.4592
	a4 = 0.7196050 +- 0.2779
	b4 = 0.6313940 +- 0.1254
	z4 = 1.6384100 +- 0.3366
	chi/Nf = 0.00319302
	Nf = 2

T/Tc = 1.20
	
	C5 = 5.1446000 +- 5.5360
	d5 = 0.0277210 +- 0.1458
	a5 = 1.1237700 +- 1.4490
	b5 = -0.123219 +- 7.7980
	z5 = 1.5107200 +- 1.5370
	chi/Nf = 0.0261571
	Nf = 2

T/Tc = 1.50
	
	C6 = 0.6270110 +- 3.3690 
	d6 = 1.6967100 +- 10.760
	a6 = 0.2069640 +- 0.5625
	b6 = -0.394636 +- 1.0630
	z6 = 0.8586470 +- 0.2802
	chi/Nf = 0.00910953
	Nf = 2

T/Tc = 2.00
	
	C7 = 5.7752800 +- 1.72200 
	d7 = 0.0268617 +- 0.02599
	a7 = 1.0670100 +- 0.46690
	b7 = 1.2423100 +- 0.11250
	z7 = 1.4035800 +- 0.18760
	chi/Nf = 0.00340587
	Nf = 2

